11111111111111111111111111111111111111111111111111111111111111111111111111111111111111111111111111111111111
12111111111111111111111111111111111111111111111111111111111111111111111111111111111111111111111111111111111
10100011111111111111111111111111111111111111111111111111111111111111111111111111111111111111111111111111111
10101311111111111111111111111111111111111111111111111111111111111111111111111111111111111111111111111111111
10001011111111111111111111111111111111111111111111111111111111111111111111111111111111111111111111111111111
10111011111111111111111111111111111111111111111111111111111111111111111111111111111111111111111111111111111
14111000051111111111111111111111111111111111111111111111111111111111111111111111111111111111111111111111111
11111110111111111111111111111111111111111111111111111111111111111111111111111111111111111111111111111111111
11111110111111111111111111111111111111111111111111111111111111111111111111111111111111111111111111111111111
11111110111111111111111111111111111111111111111111111111111111111111111111111111111111111111111111111111111
11111111111111111111111111111111111111111111111111111111111111111111111111111111111111111111111111111111111
11111111111111111111111111111111111111111111111111111111111111111111111111111111111111111111111111111111111
11111111111111111111111111111111111111111111111111111111111111111111111111111111111111111111111111111111111
11111111111111111111111111111111111111111111111111111111111111111111111111111111111111111111111111111111111
11111111111111111111111111111111111111111111111111111111111111111111111111111111111111111111111111111111111
11111111111111111111111111111111111111111111111111111111111111111111111111111111111111111111111111111111111
